2.3804259300231934
1.5472595691680908
1.0294185876846313
0.8810110092163086
0.5894814729690552
0.6829378604888916
0.36194682121276855
0.40001946687698364
0.4051210284233093
0.23036827147006989
0.5115681290626526
0.30035653710365295
0.3096720576286316
0.2955649197101593
0.24781391024589539
0.35585933923721313
0.27677279710769653
0.15505047142505646
0.151243656873703
0.35082828998565674
0.1078428253531456
0.09681226313114166
0.2062038779258728
0.23124995827674866
0.17980515956878662
0.09211641550064087
0.05537671595811844
0.11369046568870544
0.09773723781108856
0.07609625905752182
0.08989003300666809
0.24930469691753387
0.2393462210893631
0.10500265657901764
0.1764127016067505
0.10406134277582169
0.09280569851398468
0.10671599209308624
0.07903023064136505
0.1298057734966278
0.07540859282016754
0.05601246654987335
0.12477361410856247
0.11469583958387375
0.12277403473854065
0.1044580414891243
0.13146434724330902
0.20594246685504913
0.22723622620105743
0.09982804954051971
0.19330070912837982
0.0903681218624115
0.03807227686047554
0.04449444264173508
0.08582883328199387
0.172058567404747
0.07128047943115234
0.06606224179267883
0.12950968742370605
0.14718008041381836
0.06548453867435455
0.0648675262928009
0.07800353318452835
0.029302231967449188
0.1018667072057724
0.040813472121953964
0.23345574736595154
0.0916290432214737
0.07309012115001678
0.12302334606647491
0.08855510503053665
0.21197164058685303
0.020834825932979584
0.12083176523447037
0.058551885187625885
0.13308872282505035
0.21752877533435822
0.1349814236164093
0.11269993335008621
0.05091425031423569
0.21590548753738403
0.04348921775817871
0.06514529138803482
0.10240575671195984
0.02537444233894348
0.043226905167102814
0.06015646457672119
0.04968138784170151
0.2521786689758301
0.22117754817008972
0.1288672685623169
0.16010978817939758
0.1534714251756668
0.0913139134645462
0.05955681949853897
0.04335227608680725
0.09863126277923584
0.05585081875324249
0.08143085986375809
0.028247736394405365
0.1213846281170845
0.029279164969921112
0.07411953061819077
0.12740813195705414
0.01575975865125656
0.03131619840860367
0.029710672795772552
0.042447350919246674
0.1126871332526207
0.014561057090759277
0.031839653849601746
0.015459232032299042
0.10879278182983398
0.09748252481222153
0.05888544023036957
0.03817417472600937
0.1569759100675583
0.1666259467601776
0.04050930589437485
0.07711902260780334
0.042208071798086166
0.0615299716591835
0.06362584233283997
0.08072222769260406
0.029061928391456604
0.11531516164541245
0.02777143567800522
0.08975573629140854
0.0188194140791893
0.06069931387901306
0.12991388142108917
0.1273399293422699
0.014886878430843353
0.09868768602609634
0.007175803184509277
0.052658677101135254
0.015316523611545563
0.04655897617340088
0.026316605508327484
0.015542164444923401
0.07818973064422607
0.04707621783018112
0.03486690670251846
0.016407452523708344
0.0707552433013916
0.06679538637399673
0.07356671988964081
0.2701048254966736
0.11058393865823746
0.1016387790441513
0.0798400416970253
0.029162615537643433
0.03237617760896683
0.036145105957984924
0.054078586399555206
0.07908860594034195
0.005686812102794647
0.0752655416727066
0.03596492111682892
0.017051048576831818
0.034084536135196686
0.05904189124703407
0.06356283277273178
0.04891097545623779
0.06552564352750778
0.06624820083379745
0.03608395904302597
0.2003219723701477
0.0527363121509552
0.021603502333164215
0.028338514268398285
0.08074432611465454
0.1389106810092926
0.014085173606872559
0.136427104473114
0.01761975884437561
0.013219043612480164
0.025600537657737732
0.009403735399246216
0.01063462346792221
0.14338813722133636
0.028325244784355164
0.06364662945270538
0.0645381435751915
0.044947393238544464
0.03811543062329292
0.008551917970180511
0.09488045424222946
0.07927513122558594
0.16225184500217438
0.1064293310046196
0.030301906168460846
0.015774160623550415
0.035262346267700195
0.018182016909122467
0.06110576540231705
0.10987807810306549
0.03821861743927002
0.053836509585380554
0.056551896035671234
0.13677461445331573
0.077266164124012
0.03942625969648361
0.14829246699810028
0.04804372787475586
0.016383245587348938
0.030155517160892487
0.028840050101280212
0.10002905875444412
0.017134740948677063
0.028195820748806
0.07057152688503265
0.05399785190820694
0.029040023684501648
0.07244852185249329
0.06888329982757568
0.03742678463459015
0.0035877525806427
0.029603883624076843
0.09576353430747986
0.021037064492702484
0.04648023098707199
0.07393553853034973
0.12664130330085754
0.016848616302013397
0.046789027750492096
0.019448667764663696
0.028156906366348267
0.00543493777513504
0.0291062593460083
0.2269713431596756
0.027161065489053726
0.12630228698253632
0.039600860327482224
0.13985395431518555
0.04788855463266373
0.018863268196582794
0.028220683336257935
0.029700905084609985
0.0850272923707962
0.004761055111885071
0.014907114207744598
0.008724965155124664
0.007226929068565369
0.006469056010246277
0.02387440949678421
0.0114712193608284
0.09481679648160934
0.005210556089878082
0.06082847714424133
0.01646769791841507
0.023879028856754303
0.03389481455087662
0.013279616832733154
0.01053125411272049
0.008894741535186768
0.011558689177036285
0.1468650996685028
0.03160061687231064
0.11159860342741013
0.009717009961605072
0.04487879201769829
0.03759775310754776
0.019721925258636475
0.0065703243017196655
0.057921238243579865
0.007749564945697784
0.07796868681907654
0.038624271750450134
0.0454462394118309
0.013895727694034576
0.14171597361564636
0.0876423642039299
0.06234554201364517
0.028450042009353638
0.004805058240890503
0.13343915343284607
0.030184388160705566
0.08825080841779709
0.014679022133350372
0.09888964146375656
0.040795907378196716
0.030310645699501038
0.04514395445585251
0.05889792740345001
0.061408091336488724
0.029920049011707306
0.02103077620267868
0.09864453971385956
0.12702031433582306
0.07485853135585785
0.017392054200172424
0.0039565786719322205
0.008164852857589722
0.009137794375419617
0.11490679532289505
0.020006701350212097
0.004296451807022095
0.0053891390562057495
0.03889927268028259
0.041191451251506805
0.08334874361753464
0.010304659605026245
0.014310486614704132
0.022399604320526123
0.015052765607833862
0.017864733934402466
0.1006857380270958
0.030349351465702057
0.08667262643575668
0.01787073165178299
0.07082483172416687
0.002988584339618683
0.03912486135959625
0.08540906757116318
0.0022884011268615723
0.160501629114151
0.021145157516002655
0.05864207446575165
0.002755574882030487
0.04616135358810425
0.033059798181056976
0.012125767767429352
0.046431995928287506
0.01775481551885605
0.12298383563756943
0.09683019667863846
0.023098431527614594
0.005208022892475128
0.006316877901554108
0.042285338044166565
0.001888960599899292
0.022396929562091827
0.023268982768058777
0.08093717694282532
0.005224756896495819
0.014429539442062378
0.008450150489807129
0.012476824223995209
0.06796399503946304
0.13116982579231262
0.004374869167804718
0.1272803395986557
0.0094260573387146
0.0010074228048324585
0.08432895690202713
0.018453121185302734
0.00944124162197113
0.011206626892089844
0.06593635678291321
0.05163125693798065
0.010155081748962402
0.024350911378860474
0.009751386940479279
0.04940419644117355
0.005552664399147034
0.001463383436203003
0.0037342235445976257
0.003922984004020691
0.07972846925258636
0.05095873028039932
0.02959560975432396
0.012251779437065125
0.09161874651908875
0.0033569633960723877
0.005525797605514526
0.0020123720169067383
0.005406871438026428
0.019071489572525024
0.004488334059715271
0.01687876135110855
0.14086151123046875
0.013012751936912537
0.007490865886211395
0.04200614243745804
0.004733234643936157
0.05108568072319031
0.006610341370105743
0.04272583872079849
0.0157352015376091
0.004255816340446472
0.0067356303334236145
0.10061405599117279
0.0632842406630516
0.09381388872861862
0.0010748058557510376
0.01647593080997467
0.004061952233314514
0.03361395746469498
0.027173899114131927
0.0373828299343586
0.058838870376348495
0.014251217246055603
0.009327471256256104
0.0029914379119873047
0.025606200098991394
0.04886709153652191
0.002843335270881653
0.039080969989299774
0.010404124855995178
0.012499891221523285
0.04616987705230713
0.04896151274442673
0.03807947784662247
0.03547138720750809
0.01310710608959198
0.003047630190849304
0.06875234842300415
0.02403487265110016
0.0032302439212799072
0.0034644901752471924
0.01338931918144226
0.028782136738300323
0.027513712644577026
0.02072872966527939
0.08067623525857925
0.11365149915218353
0.011358559131622314
0.005821406841278076
0.11917662620544434
0.0031596943736076355
0.019933797419071198
0.030519232153892517
0.03790612518787384
0.0021263957023620605
0.014910846948623657
0.016710638999938965
0.014906361699104309
0.016974247992038727
0.010752372443675995
0.015970975160598755
0.1590532511472702
0.012858383357524872
0.00573788583278656
0.004693031311035156
0.02078116685152054
0.006077177822589874
0.015107035636901855
0.03672616183757782
0.006286554038524628
0.013640083372592926
0.09108716994524002
0.0029448866844177246
0.0034707486629486084
0.005258798599243164
0.03198680281639099
0.04303078353404999
0.04816962778568268
0.01125500351190567
0.040463343262672424
0.014109611511230469
0.007634945213794708
0.02228541672229767
0.0020198673009872437
0.00857657939195633
0.05042281001806259
0.013327047228813171
0.012189239263534546
0.05089918524026871
0.0238410085439682
0.002223879098892212
0.017766252160072327
0.010928519070148468
0.03172427415847778
0.16695059835910797
0.003254994750022888
0.13950489461421967
0.016108401119709015
0.05825986713171005
0.04022888094186783
