2.5870814323425293
1.1384766101837158
0.5993664264678955
0.6223871111869812
0.3365894556045532
0.20286166667938232
0.41653934121131897
0.4813030958175659
0.25212013721466064
0.41973987221717834
0.22921538352966309
0.15974420309066772
0.11027351021766663
0.1627601683139801
0.21151481568813324
0.24052546918392181
0.09832021594047546
0.16126525402069092
0.2429787665605545
0.1975289285182953
0.14192306995391846
0.17305320501327515
0.1354941576719284
0.2891498804092407
0.2644374370574951
0.023747257888317108
0.10452436655759811
0.12772369384765625
0.0762636810541153
0.1640351563692093
0.25310850143432617
0.039920032024383545
0.12411894649267197
0.06388159096240997
0.15078654885292053
0.07872854918241501
0.14904606342315674
0.08026467263698578
0.09142184257507324
0.17685148119926453
0.22098258137702942
0.03947853296995163
0.3179551959037781
0.031735118478536606
0.21778999269008636
0.08572157472372055
0.13105307519435883
0.11103524267673492
0.07001282274723053
0.2533233165740967
0.015915051102638245
0.18081295490264893
0.03337404131889343
0.11854732781648636
0.04727063328027725
0.09695541858673096
0.13799667358398438
0.009372495114803314
0.06782181560993195
0.1827012151479721
0.03403539955615997
0.01206701248884201
0.08934251219034195
0.06269651651382446
0.04291745275259018
0.18241886794567108
0.11961732059717178
0.10538408905267715
0.08805447816848755
0.3711128234863281
0.14310015738010406
0.11263443529605865
0.09416279196739197
0.13409171998500824
0.06908319145441055
0.03421195596456528
0.02728782221674919
0.14855217933654785
0.1890934407711029
0.03422122448682785
0.1062668040394783
0.00888245552778244
0.06969910860061646
0.15273058414459229
0.025915317237377167
0.12319057434797287
0.07205134630203247
0.09360618889331818
0.01146773248910904
0.04807940125465393
0.03658238798379898
0.11179401725530624
0.20312991738319397
0.10295859724283218
0.011155575513839722
0.022210828959941864
0.015760257840156555
0.041611842811107635
0.011700369417667389
0.01211538165807724
0.020982176065444946
0.07977607846260071
0.1475396305322647
0.04789534956216812
0.11164814978837967
0.09613817185163498
0.019252024590969086
0.03173478692770004
0.09731844067573547
0.05388868600130081
0.19143614172935486
0.02960892766714096
0.03740450739860535
0.10249107331037521
0.05443219840526581
0.005361124873161316
0.14306819438934326
0.11695168912410736
0.07521675527095795
0.029817692935466766
0.01489105075597763
0.012653127312660217
0.1552310585975647
0.047606490552425385
0.07363607734441757
0.03717570751905441
0.01142730563879013
0.020893163979053497
0.06373797357082367
0.0576765313744545
0.012054026126861572
0.024675339460372925
0.011826343834400177
0.07582852989435196
0.023934386670589447
0.044876910746097565
0.009071439504623413
0.1759789139032364
0.05759724974632263
0.015310391783714294
0.036744728684425354
0.08760920912027359
0.11986248940229416
0.07875952869653702
0.055979058146476746
0.003863602876663208
0.04160505533218384
0.02922675758600235
0.02535882592201233
0.029795505106449127
0.052190765738487244
0.1212410032749176
0.002497538924217224
0.037574172019958496
0.014998100697994232
0.03608889877796173
0.061239127069711685
0.05533704161643982
0.05704566091299057
0.018158644437789917
0.03909008204936981
0.08689939975738525
0.026314355432987213
0.12433191388845444
0.023510772734880447
0.06719596683979034
0.22530458867549896
0.04724264144897461
0.028113536536693573
0.07945709675550461
0.04969198256731033
0.023914098739624023
0.09461881965398788
0.04632725566625595
0.0016874969005584717
0.027058854699134827
0.019296400249004364
0.06618675589561462
0.08122897148132324
0.05346100032329559
0.026851609349250793
0.17661267518997192
0.0012377798557281494
0.05810137838125229
0.0519765242934227
0.07707995176315308
0.07126857340335846
0.14625370502471924
0.03012421727180481
0.04391250014305115
0.05612851679325104
0.04505043476819992
0.024647466838359833
0.039169006049633026
0.10015123337507248
0.16477984189987183
0.011341117322444916
0.07525072246789932
0.1173960492014885
0.06386923044919968
0.10900355875492096
0.014279000461101532
0.040292888879776
0.07733727246522903
0.014354236423969269
0.0449589341878891
0.10159717500209808
0.023297831416130066
0.0742703452706337
0.014481760561466217
0.029583200812339783
0.08763159066438675
0.08410798758268356
0.0884011760354042
0.05307190865278244
0.00907580554485321
0.031042777001857758
0.002205386757850647
0.011423550546169281
0.00428357720375061
0.03700166195631027
0.00877932459115982
0.020151346921920776
0.03216545283794403
0.05457266420125961
0.045383960008621216
0.04291020333766937
0.015649594366550446
0.01264413446187973
0.06940324604511261
0.031725987792015076
0.012724682688713074
0.03760872781276703
0.078339584171772
0.05246014893054962
0.025773555040359497
0.05190015584230423
0.01893702894449234
0.014163479208946228
0.028807170689105988
0.00644153356552124
0.0064917802810668945
0.03309537470340729
0.008400186896324158
0.0734594464302063
0.020141229033470154
0.06269034743309021
0.014411285519599915
0.003712981939315796
0.00585416704416275
0.017036758363246918
0.043260540813207626
0.005791187286376953
0.0984983816742897
0.013902336359024048
0.010192453861236572
0.04095877707004547
0.013699769973754883
0.04583580046892166
0.02175094187259674
0.022516295313835144
0.01872429996728897
0.0023110434412956238
0.02108551561832428
0.021821551024913788
0.020031064748764038
0.02365759015083313
0.011164303869009018
0.0875978097319603
0.008920542895793915
0.02283783257007599
0.05491648614406586
0.09694346785545349
0.12842252850532532
0.0177241712808609
0.0035602599382400513
0.018614687025547028
0.013536408543586731
0.08319246023893356
0.058322474360466
0.01260567456483841
0.008747734129428864
0.007484540343284607
0.0010576844215393066
0.018243543803691864
0.01349959522485733
0.024325095117092133
0.001710258424282074
0.003426775336265564
0.0052168965339660645
0.004405394196510315
0.015903674066066742
0.017123505473136902
0.09804227948188782
0.023883000016212463
0.0024083107709884644
0.003852829337120056
0.01967712491750717
0.026735588908195496
0.02244056761264801
0.005278691649436951
0.002540498971939087
0.003221668303012848
0.011442683637142181
0.020948857069015503
0.0038091689348220825
0.02013731747865677
0.00868719071149826
0.007577091455459595
0.051835305988788605
0.06420090794563293
0.16097475588321686
0.024383358657360077
0.0035339295864105225
0.06874072551727295
0.004657328128814697
0.040569745004177094
0.01049792766571045
0.04133375734090805
0.03688433766365051
0.004910513758659363
0.0897844061255455
0.0241398885846138
0.012670889496803284
0.04587024450302124
0.13521240651607513
0.007973797619342804
0.023806780576705933
0.03308067470788956
0.01291687786579132
0.0012179464101791382
0.05145534873008728
0.10230379551649094
0.015900634229183197
0.002984054386615753
0.02840270847082138
0.006454035639762878
0.005085155367851257
0.14468586444854736
0.06174515187740326
0.014563940465450287
0.0007394105195999146
0.012754470109939575
0.04643477499485016
0.014346420764923096
0.00916619598865509
0.001186564564704895
0.050761930644512177
0.014809541404247284
0.07135054469108582
0.006244152784347534
0.0024777650833129883
0.01313239336013794
0.01931493729352951
0.012017816305160522
0.034701019525527954
0.09547096490859985
0.0059671178460121155
0.06488291919231415
0.00651116669178009
0.007896676659584045
0.10559400171041489
0.0068792924284935
0.027931906282901764
0.013826869428157806
0.00601351261138916
0.0034964680671691895
0.018974147737026215
0.036524780094623566
0.06674063205718994
0.036224715411663055
0.026484757661819458
0.0006052553653717041
0.0032202452421188354
0.08479142189025879
0.16655096411705017
0.020809464156627655
0.016047820448875427
0.013354524970054626
0.005214758217334747
0.035599485039711
0.0055966973304748535
0.0183773934841156
0.02831496298313141
0.04646562039852142
0.010178036987781525
0.0018609613180160522
0.020475074648857117
0.0016680434346199036
0.04128678888082504
0.013133056461811066
0.048974841833114624
0.0057017505168914795
0.025256656110286713
0.011375337839126587
0.008356668055057526
0.0029908418655395508
0.09258406609296799
0.0025237351655960083
0.0029564350843429565
0.008474931120872498
0.003714829683303833
0.006194718182086945
0.02166767418384552
0.038029395043849945
0.003216192126274109
0.007562458515167236
0.056960657238960266
0.0006941705942153931
0.0023206770420074463
0.010501444339752197
0.011186003684997559
0.0074982717633247375
0.006305910646915436
0.0018532276153564453
0.0036287158727645874
0.00568079948425293
0.009146973490715027
0.02527719736099243
0.0021609216928482056
0.020504802465438843
0.006022267043590546
0.014835856854915619
0.013583466410636902
0.05178166180849075
0.01086089015007019
0.022945240139961243
0.025073029100894928
0.008665844798088074
0.05302402377128601
0.000816836953163147
0.02114015817642212
0.0007258504629135132
0.0731085017323494
0.0009281933307647705
0.11095508188009262
0.00952235609292984
0.01595378667116165
0.0019859671592712402
0.052558302879333496
0.003829672932624817
0.014049850404262543
0.08156276494264603
0.02624647319316864
0.005559757351875305
0.03550303727388382
0.01841513067483902
0.010716453194618225
0.003949746489524841
0.009355656802654266
0.05165066570043564
0.0008810907602310181
0.005376271903514862
0.04830852150917053
0.01313529908657074
0.009410791099071503
0.04069969803094864
0.01024511456489563
0.009603530168533325
0.007088162004947662
0.01297663152217865
0.01795564591884613
0.008423224091529846
0.06408756971359253
0.08108746260404587
0.02408381551504135
0.05187196284532547
0.002105817198753357
0.012428030371665955
0.0009137988090515137
