2.337508201599121
2.0172011852264404
1.7336864471435547
1.223203420639038
1.1101642847061157
0.525357186794281
0.4698016941547394
0.3998618423938751
0.4467187523841858
0.2895457148551941
0.3867918848991394
0.2862844467163086
0.38661161065101624
0.21253110468387604
0.28181034326553345
0.3109460175037384
0.3941200375556946
0.36344051361083984
0.1544814258813858
0.284908264875412
0.40006187558174133
0.41795724630355835
0.33160313963890076
0.19001802802085876
0.23550236225128174
0.1800471544265747
0.2664906978607178
0.26474493741989136
0.10071627795696259
0.36631348729133606
0.22405637800693512
0.1491558998823166
0.2996446490287781
0.10681507736444473
0.30415186285972595
0.1616135686635971
0.24121664464473724
0.11823294311761856
0.2161034494638443
0.20429208874702454
0.14462515711784363
0.1886672079563141
0.29703402519226074
0.08380772173404694
0.18531593680381775
0.24804404377937317
0.06457944214344025
0.06913784891366959
0.1723179668188095
0.17342674732208252
0.10588664561510086
0.09303287416696548
0.12690991163253784
0.13730131089687347
0.18673817813396454
0.058569252490997314
0.1323624551296234
0.14978191256523132
0.23235949873924255
0.11510413885116577
0.13989654183387756
0.15609364211559296
0.14845620095729828
0.21208709478378296
0.09901414066553116
0.16550883650779724
0.21773377060890198
0.08615171909332275
0.04646628350019455
0.08830606192350388
0.04882119596004486
0.19914300739765167
0.25992918014526367
0.1701277792453766
0.11803437024354935
0.051057927310466766
0.0721382275223732
0.09709194302558899
0.2557467222213745
0.07807480543851852
0.1557655781507492
0.15429523587226868
0.11938871443271637
0.09812433272600174
0.011269889771938324
0.0337376594543457
0.18691220879554749
0.08503235876560211
0.06234503537416458
0.10305289924144745
0.1096339002251625
0.131853848695755
0.08855428546667099
0.03189132362604141
0.011134110391139984
0.0761663094162941
0.051352888345718384
0.05606978386640549
0.13057520985603333
0.10756833106279373
0.09078940749168396
0.014053113758563995
0.04954635351896286
0.0423194095492363
0.06268326193094254
0.04294387251138687
0.06348580121994019
0.08796948939561844
0.06621133536100388
0.12338917702436447
0.1708579957485199
0.05331190675497055
0.1603233367204666
0.1481582671403885
0.28728392720222473
0.05943433940410614
0.035842493176460266
0.026286602020263672
0.1450381726026535
0.1124335452914238
0.08138937503099442
0.07615307718515396
0.06555332988500595
0.05339764803647995
0.0764525756239891
0.06866759061813354
0.049971066415309906
0.025744616985321045
0.09626492857933044
0.14956630766391754
0.03614275902509689
0.07407955825328827
0.02282235026359558
0.18230333924293518
0.10638056695461273
0.05254353582859039
0.17659622430801392
0.06020987778902054
0.14986927807331085
0.20212383568286896
0.1360296905040741
0.03520701080560684
0.07794298976659775
0.059964463114738464
0.036590658128261566
0.09727586060762405
0.08962806314229965
0.060700565576553345
0.15476712584495544
0.026282228529453278
0.16914093494415283
0.011201538145542145
0.1046510562300682
0.025140807032585144
0.02056805044412613
0.03124161809682846
0.0972319096326828
0.256348192691803
0.1063096821308136
0.09968824684619904
0.014752276241779327
0.033609241247177124
0.04403436928987503
0.06062736362218857
0.059658557176589966
0.12231549620628357
0.033643871545791626
0.04704315960407257
0.017157062888145447
0.08169658482074738
0.13532152771949768
0.07133235037326813
0.1883455216884613
0.05106547474861145
0.010680966079235077
0.020470011979341507
0.025150880217552185
0.041111018508672714
0.03442883491516113
0.03485038876533508
0.10790961980819702
0.06864670664072037
0.09546419233083725
0.2215888351202011
0.1442754864692688
0.2271328717470169
0.03498959541320801
0.031660355627536774
0.042208798229694366
0.03033512830734253
0.0903448536992073
0.05554787814617157
0.06070759892463684
0.1463683545589447
0.03144262731075287
0.10317914932966232
0.07710015028715134
0.10100872814655304
0.05755041167140007
0.006875231862068176
0.031045369803905487
0.14192940294742584
0.046812232583761215
0.05065140873193741
0.051770687103271484
0.12112519145011902
0.03609391301870346
0.013876229524612427
0.14249634742736816
0.04177580773830414
0.12473863363265991
0.022299326956272125
0.038654908537864685
0.10032760351896286
0.05720352381467819
0.04038362205028534
0.03952360525727272
0.014922045171260834
0.11680208891630173
0.06438783556222916
0.0517553985118866
0.009863920509815216
0.046177566051483154
0.0698591098189354
0.077088363468647
0.07541579753160477
0.08423639088869095
0.0213799849152565
0.07997266203165054
0.015086621046066284
0.23036976158618927
0.03605794906616211
0.12044277787208557
0.11716682463884354
0.07324525713920593
0.08337149769067764
0.020235560834407806
0.0655423179268837
0.08519695699214935
0.10116732120513916
0.08847472071647644
0.08689981698989868
0.04008246213197708
0.033473242074251175
0.0217820405960083
0.03761158138513565
0.01415291428565979
0.031667985022068024
0.02831171452999115
0.09387078136205673
0.05260409414768219
0.06114162504673004
0.2822919189929962
0.15848109126091003
0.013639174401760101
0.04164912551641464
0.07157350331544876
0.02751922607421875
0.06496172398328781
0.05749433860182762
0.051885031163692474
0.08198122680187225
0.03413211926817894
0.04257911443710327
0.0425269678235054
0.07982716709375381
0.00860682874917984
0.045700572431087494
0.031541503965854645
0.008991628885269165
0.009482964873313904
0.016226939857006073
0.11430095881223679
0.08994252234697342
0.012467168271541595
0.05254722386598587
0.018976695835590363
0.06698448210954666
0.03577486425638199
0.058159515261650085
0.11336681246757507
0.10889016091823578
0.04157738387584686
0.03510643541812897
0.024826779961586
0.03667972981929779
0.021868422627449036
0.016703389585018158
0.04702033847570419
0.039015285670757294
0.03442345932126045
0.04517703503370285
0.005724705755710602
0.010265395045280457
0.018118835985660553
0.04203445464372635
0.04639816656708717
0.09247124940156937
0.01365179568529129
0.003710530698299408
0.01863047480583191
0.018328487873077393
0.02687125653028488
0.05283305048942566
0.006370902061462402
0.09819193184375763
0.06558993458747864
0.050757840275764465
0.015135779976844788
0.0201198011636734
0.021620914340019226
0.07283788919448853
0.015718109905719757
0.16507667303085327
0.09250793606042862
0.011629685759544373
0.08844944834709167
0.039841994643211365
0.0998651459813118
0.1007775142788887
0.06279563158750534
0.06609385460615158
0.029793955385684967
0.08517952263355255
0.1274053454399109
0.015485979616641998
0.03268538415431976
0.05724263936281204
0.04022657871246338
0.06601505726575851
0.13131161034107208
0.03365745767951012
0.03390846028923988
0.035996705293655396
0.06392598897218704
0.031640343368053436
0.032849058508872986
0.009416118264198303
0.051659487187862396
0.060253605246543884
0.08721701800823212
0.04045933485031128
0.009597644209861755
0.08315125852823257
0.11762826144695282
0.047479234635829926
0.06590829789638519
0.013869807124137878
0.14479772746562958
0.011199124157428741
0.0028552189469337463
0.019703589379787445
0.007910773158073425
0.030451782047748566
0.07719871401786804
0.012608654797077179
0.012651093304157257
0.022548578679561615
0.02869448810815811
0.035620346665382385
0.010740712285041809
0.04651247709989548
0.03032621741294861
0.014799356460571289
0.03279026597738266
0.017133012413978577
0.020343054085969925
0.025203578174114227
0.06052441895008087
0.013591207563877106
0.001453891396522522
0.028537601232528687
0.01346251368522644
0.10461429506540298
0.010254614055156708
0.008854970335960388
0.09496373683214188
0.030340686440467834
0.09852470457553864
0.05472254008054733
0.04848569631576538
0.02058427780866623
0.041136570274829865
0.015685059130191803
0.01603499799966812
0.008336246013641357
0.02492722123861313
0.07446558028459549
0.029818564653396606
0.15658938884735107
0.022816777229309082
0.015054397284984589
0.012064121663570404
0.012948893010616302
0.09012267738580704
0.011551894247531891
0.011836707592010498
0.0069432854652404785
0.015730969607830048
0.009251348674297333
0.005847513675689697
0.029831908643245697
0.05901190638542175
0.02380189299583435
0.04835428297519684
0.058094900101423264
0.06739947199821472
0.10049062967300415
0.0633154883980751
0.011779680848121643
0.009140945971012115
0.1515636295080185
0.06367290019989014
0.012364529073238373
0.0069102942943573
0.08747813105583191
0.01960252970457077
0.053902871906757355
0.020617924630641937
0.008534520864486694
0.0030809789896011353
0.006563909351825714
0.05474443733692169
0.011924982070922852
0.008670598268508911
0.010965637862682343
0.011331334710121155
0.032427914440631866
0.034325651824474335
0.07437014579772949
0.011836536228656769
0.014908477663993835
0.06384414434432983
0.01460595428943634
0.047447822988033295
0.020606420934200287
0.030179128050804138
0.05819143354892731
0.022131770849227905
0.052544593811035156
0.06555259972810745
0.02877013385295868
0.14640751481056213
0.012056432664394379
0.11973876506090164
0.02067316323518753
0.1132703647017479
0.0318542942404747
0.016356103122234344
0.06037561222910881
0.02577197551727295
0.023689739406108856
0.012234106659889221
0.017369918525218964
0.005850113928318024
0.04180113971233368
0.14404037594795227
0.0320843830704689
0.03315632790327072
0.07832655310630798
0.03570768982172012
0.02075684815645218
0.025474943220615387
0.0033409297466278076
0.04166001081466675
0.04903869330883026
0.01848633587360382
0.01044967770576477
0.045111387968063354
0.01698886603116989
